{"color":["#FBB367","#80B1D2","#FB8070","#CC99FF","#B0D961",
        "#99CCCC","#BEBBD8","#FFCC99","#8DD3C8","#FF9999",
        "#CCEAC4","#BB81BC","#FBCCEC","#CCFF66","#99CC66",
		"#FF0000","#28FF28","#FA8072","#BC8F8F","#E9967A"
		],
  "data":[ "#followfriday",
    "#fb",
    "#squarespace",
    "#FF",
    "#seb",
    "#FollowFriday",
    "#1",
    "#ff",
    "#iranelection",
    "#fail",
    "#2",
    "#musicmonday",
    "#myweakness",
    "#asot400",
    "#marsiscoming",
    "#mcflyforgermany",
    "#andyhurleyday",
    "#inaperfectworld",
    "#iPhone",
    "#goodsex",
			
			"",
            "入站",
            "出站"] ,
	"data1": [
      {"name": "#followfriday"},
      {"name": ["#fb", 1569]},
      {"name": ["#squarespace", 628]},
      {"name": ["#FF", 568]},
      {"name": ["#seb", 499]},
      {"name": ["#FollowFriday", 454]},
      {"name": ["#1", 437]},
      {"name": ["#ff", 387]},
      {"name": ["#iranelection", 315]},
      {"name": ["#fail", 297]},
      {"name": ["#2", 291]},
      {"name": ["#musicmonday", 275]},
      {"name": ["#myweakness", 267]},
      {"name": ["#asot400", 264]},
      {"name": ["#marsiscoming", 247]},
      {"name": ["#mcflyforgermany", 222]},
      {"name": ["#andyhurleyday", 188]},
      {"name": ["#inaperfectworld", 183]},
      {"name": ["#iPhone", 174]},
      {"name": ["#delongeday", 167]},
      {"name": ["#mileymonday", 155]},
      {"name": ["#bgt", 153]},
      {"name": ["#BSB", 153]},
      {"name": ["#spymaster", 151]},
      {"name": ["#trackle", 144]},
      {"name": ["#tcot", 143]},
      {"name": ["#f1", 140]},
      {"name": ["#iremember", 138]},
      {"name": ["#e3", 132]},
      {"name": ["#E3", 123]},
      {"name": ["#iphone", 118]},
      {"name": ["#goodsex", 113]}
   
  ],
    "matrix":[
    [325,1032,128,619,415,720,1381,3157,1839,5665,11167,2054,2123,1847,2571,810,579,321,928,602],
    [1372,2946,1372,3740,6104,6354,14485,34944,28042,56949,121809,25372,26891,24785,31497,9931,7521,3872,13996,9048],
    [166,1238,575,617,1599,1521,2908,8027,4939,12560,17435,4689,4612,4696,7075,2394,1438,854,3460,2936],
    [341,2688,532,2279,2341,4134,13196,36197,17916,79292,199799,23965,15130,21108,30024,11501,9607,4029,10035,6052],
    [463,5600,1402,2484,2332,1487,8117,24790,14273,40580,81040,15188,16105,11567,25258,7352,7230,4787,5530,4173],
    [487,5398,1733,4272,1264,3672,4614,25472,19210,55298,115158,27616,29619,30178,47471,16374,13101,8839,20937,11756],
    [1191,12528,2615,12587,6599,4926,4761,27826,27669,96208,146368,33965,34502,38181,87284,23044,25592,22286,17138,18805],
    [2721,34449,7178,37556,28515,33123,27399,7548,8206,84479,193026,50510,39334,53124,129506,41102,36134,29666,27431,24051],
    [1500,27902,5167,21184,15700,31947,39554,10441,4085,22778,76151,29631,38594,35349,82846,30125,32793,28246,21931,25540],
    [6101,60132,16306,87100,49528,79602,123759,101030,27897,9658,70637,38806,50891,69952,145913,51465,59802,63890,49116,58080],
    [9653,117185,20295,182171,87219,138474,166421,191387,84892,53433,15339,50037,88739,107293,333744,80807,101318,70646,117186,129479],
    [2038,27528,5652,27698,17334,37819,43197,60940,32935,39729,45639,6073,11478,20561,74631,25084,26123,22154,31588,36714],
    [2193,28627,5038,18066,18040,38757,40183,45811,39694,48729,90538,11430,4425,7174,59213,22352,23113,19562,22387,47717],
    [1670,26436,4954,24332,13472,35983,41085,59152,36632,65082,101342,19985,7554,3793,64527,15611,24674,12235,14241,25131],
    [2404,32955,8282,32814,26562,55305,98092,134881,81586,140795,323424,70497,60067,62982,11780,53657,39287,22847,45317,55542],
    [734,9607,2034,14224,7409,17353,19685,39632,23853,40349,59660,18682,18593,13233,53760,2168,4170,2547,4183,8859],
    [570,8542,1537,11718,9183,16508,35160,42455,34614,59940,91194,26536,24935,26857,41054,5074,1823,607,6080,6548],
    [265,3563,909,4290,4076,9824,23135,29413,26541,57322,60428,18581,18491,12602,22353,2828,843,1511,1486,1816],
    [915,14090,3423,10458,6402,20886,17734,25845,18496,43113,109824,28204,20256,12866,47269,4123,5309,1888,2821,3169],
    [523,9037,2844,6397,4408,12139,19781,23485,20867,51020,130388,32523,42098,24778,57545,10102,6027,2058,3093,2716]



  ],
    
     "matrix1":[
    [325,1372,166,341,463,487,1191,2721,1500,6101,9653,2038,2193,1670,2404,734,570,265,915,523],
    [1032,2946,1238,2688,5600,5398,12528,34449,27902,60132,117185,27528,28627,26436,32955,9607,8542,3563,14090,9037],
    [128,1372,575,532,1402,1733,2615,7178,5167,16306,20295,5652,5038,4954,8282,2034,1537,909,3423,2844],
    [619,3740,617,2279,2484,4272,12587,37556,21184,87100,182171,27698,18066,24332,32814,14224,11718,4290,10458,6397],
    [415,6104,1599,2341,2332,1264,6599,28515,15700,49528,87219,17334,18040,13472,26562,7409,9183,4076,6402,4408],
    [720,6354,1521,4134,1487,3672,4926,33123,31947,79602,138474,37819,38757,35983,55305,17353,16508,9824,20886,12139],
    [1381,14485,2908,13196,8117,4614,4761,27399,39554,123759,166421,43197,40183,41085,98092,19685,35160,23135,17734,19781],
    [3157,34944,8027,36197,24790,25472,27826,7548,10441,101030,191387,60940,45811,59152,134881,39632,42455,29413,25845,23485],
    [1839,28042,4939,17916,14273,19210,27669,8206,4085,27897,84892,32935,39694,36632,81586,23853,34614,26541,18496,20867],
    [5665,56949,12560,79292,40580,55298,96208,84479,22778,9658,53433,39729,48729,65082,140795,40349,59940,57322,43113,51020],
    [11167,121809,17435,199799,81040,115158,146368,193026,76151,70637,15339,45639,90538,101342,323424,59660,91194,60428,109824,130388],
    [2054,25372,4689,23965,15188,27616,33965,50510,29631,38806,50037,6073,11430,19985,70497,18682,26536,18581,28204,32523],
    [2123,26891,4612,15130,16105,29619,34502,39334,38594,50891,88739,11478,4425,7554,60067,18593,24935,18491,20256,42098],
    [1847,24785,4696,21108,11567,30178,38181,53124,35349,69952,107293,20561,7174,3793,62982,13233,26857,12602,12866,24778],
    [2571,31497,7075,30024,25258,47471,87284,129506,82846,145913,333744,74631,59213,64527,11780,53760,41054,22353,47269,57545],
    [810,9931,2394,11501,7352,16374,23044,41102,30125,51465,80807,25084,22352,15611,53657,2168,5074,2828,4123,10102],
    [579,7521,1438,9607,7230,13101,25592,36134,32793,59802,101318,26123,23113,24674,39287,4170,1823,843,5309,6027],
    [321,3872,854,4029,4787,8839,22286,29666,28246,63890,70646,22154,19562,12235,22847,2547,607,1511,1888,2058],
    [928,13996,3460,10035,5530,20937,17138,27431,21931,49116,117186,31588,22387,14241,45317,4183,6080,1486,2821,3093],
    [602,9048,2936,6052,4173,11756,18805,24051,25540,58080,129479,36714,47717,25131,55542,8859,6548,1816,3169,2716]

    ]
     }         